# {"t_start": 1606640954.20901, "env_id": "DMBenchCartpoleSwingup-v0"} 
r,l,t
